# CoordinateSystem: PROJCS["WGS 84 / Antarctic Polar Stereographic",GEOGCS["WGS 84",DATUM["World Geodetic System 1984 ensemble",SPHEROID["WGS 84",6378137,298.257223563,AUTHORITY["EPSG","7030"]],TOWGS84[0,0,0,0,0,0,0],AUTHORITY["EPSG","6326"]],PRIMEM["Greenwich",0,AUTHORITY["EPSG","8901"]],UNIT["degree",0.01745329251994328,AUTHORITY["EPSG","9102"]],AUTHORITY["EPSG","4326"]],PROJECTION["PolarStereographicB",AUTHORITY["EPSG","9829"]],PARAMETER["latitude_of_origin",-71],PARAMETER["central_meridian",0],PARAMETER["false_easting",0],PARAMETER["false_northing",0],UNIT["metre",1,AUTHORITY["EPSG","9001"]],AUTHORITY["EPSG","3031"]]
#Label;Enable;X/Easting;Y/Northing;Z/Altitude;Yaw;Pitch;Roll;Accuracy_X/Y_(m);Accuracy_Z_(m);Accuracy_Yaw_(deg);Accuracy_Pitch/Roll_(deg);Error_(m);X_error;Y_error;Z_error;Error_(deg);Yaw_error;Pitch_error;Roll_error;X_est;Y_est;Z_est;Yaw_est;Pitch_est;Roll_est;X_var;Y_var;Z_var;Yaw_var;Pitch_var;Roll_var
CA182032V0001.tif;1;-2429444.274300;1217365.209300;4572.000000;278.085103;0.000000;0.000000;10000.000000;500.000000;60.000000;10.000000;;;;;;;;;;;;;;;;;;;;
CA182032V0002.tif;1;-2430334.061401;1217981.215756;4572.000000;278.081897;0.000000;0.000000;10000.000000;500.000000;60.000000;10.000000;;;;;;;;;;;;;;;;;;;;
CA182032V0003.tif;1;-2431223.848503;1218597.222212;4572.000000;278.078694;0.000000;0.000000;10000.000000;500.000000;60.000000;10.000000;;;;;;;;;;;;;;;;;;;;
CA182032V0004.tif;1;-2432113.635604;1219213.228669;4572.000000;278.075493;0.000000;0.000000;10000.000000;500.000000;60.000000;10.000000;;;;;;;;;;;;;;;;;;;;
CA182032V0005.tif;1;-2433003.422706;1219829.235125;4572.000000;278.072294;0.000000;0.000000;10000.000000;500.000000;60.000000;10.000000;;;;;;;;;;;;;;;;;;;;
CA182032V0006.tif;1;-2433893.209807;1220445.241581;4572.000000;278.069098;0.000000;0.000000;10000.000000;500.000000;60.000000;10.000000;;;;;;;;;;;;;;;;;;;;
CA182033R0001.tif;1;-2429444.274300;1217365.209300;4572.000000;278.085103;-60.000000;-30.000000;10000.000000;500.000000;60.000000;10.000000;;;;;;;;;;;;;;;;;;;;
CA182033R0002.tif;1;-2430334.061401;1217981.215756;4572.000000;278.081897;-60.000000;-30.000000;10000.000000;500.000000;60.000000;10.000000;;;;;;;;;;;;;;;;;;;;
CA182033R0003.tif;1;-2431223.848503;1218597.222212;4572.000000;278.078694;-60.000000;-30.000000;10000.000000;500.000000;60.000000;10.000000;;;;;;;;;;;;;;;;;;;;
CA182033R0004.tif;1;-2432113.635604;1219213.228669;4572.000000;278.075493;-60.000000;-30.000000;10000.000000;500.000000;60.000000;10.000000;;;;;;;;;;;;;;;;;;;;
CA182033R0005.tif;1;-2433003.422706;1219829.235125;4572.000000;278.072294;-60.000000;-30.000000;10000.000000;500.000000;60.000000;10.000000;;;;;;;;;;;;;;;;;;;;
CA182033R0006.tif;1;-2433893.209807;1220445.241581;4572.000000;278.069098;-60.000000;-30.000000;10000.000000;500.000000;60.000000;10.000000;;;;;;;;;;;;;;;;;;;;
CA213731L0055.tif;1;-2438421.818333;1247581.241225;4572.000000;87.954139;60.000000;30.000000;10000.000000;500.000000;60.000000;10.000000;;;;;;;;;;;;;;;;;;;;
CA213731L0056.tif;1;-2436281.446117;1246580.828499;4572.000000;87.952374;60.000000;30.000000;10000.000000;500.000000;60.000000;10.000000;;;;;;;;;;;;;;;;;;;;
CA213731L0057.tif;1;-2434141.073901;1245580.415774;4572.000000;87.950606;60.000000;30.000000;10000.000000;500.000000;60.000000;10.000000;;;;;;;;;;;;;;;;;;;;
CA213731L0058.tif;1;-2432000.701685;1244580.003048;4572.000000;87.948836;60.000000;30.000000;10000.000000;500.000000;60.000000;10.000000;;;;;;;;;;;;;;;;;;;;
CA213731L0059.tif;1;-2429860.329469;1243579.590323;4572.000000;87.947062;60.000000;30.000000;10000.000000;500.000000;60.000000;10.000000;;;;;;;;;;;;;;;;;;;;
CA213731L0060.tif;1;-2427719.957253;1242579.177597;4572.000000;87.945285;60.000000;30.000000;10000.000000;500.000000;60.000000;10.000000;;;;;;;;;;;;;;;;;;;;
CA213731L0061.tif;1;-2425579.585037;1241578.764872;4572.000000;87.943505;60.000000;30.000000;10000.000000;500.000000;60.000000;10.000000;;;;;;;;;;;;;;;;;;;;
CA213731L0062.tif;1;-2423439.212821;1240578.352146;4572.000000;87.941722;60.000000;30.000000;10000.000000;500.000000;60.000000;10.000000;;;;;;;;;;;;;;;;;;;;
CA213731L0063.tif;1;-2421298.840605;1239577.939421;4572.000000;87.939936;60.000000;30.000000;10000.000000;500.000000;60.000000;10.000000;;;;;;;;;;;;;;;;;;;;
CA213731L0064.tif;1;-2419158.468389;1238577.526696;4572.000000;87.938147;60.000000;30.000000;10000.000000;500.000000;60.000000;10.000000;;;;;;;;;;;;;;;;;;;;
CA213731L0065.tif;1;-2417018.096173;1237577.113970;4572.000000;87.936354;60.000000;30.000000;10000.000000;500.000000;60.000000;10.000000;;;;;;;;;;;;;;;;;;;;
CA213731L0066.tif;1;-2414877.723956;1236576.701245;4572.000000;87.934559;60.000000;30.000000;10000.000000;500.000000;60.000000;10.000000;;;;;;;;;;;;;;;;;;;;
CA213731L0067.tif;1;-2412737.351740;1235576.288519;4572.000000;87.932760;60.000000;30.000000;10000.000000;500.000000;60.000000;10.000000;;;;;;;;;;;;;;;;;;;;
CA213731L0068.tif;1;-2410596.979524;1234575.875794;4572.000000;87.930959;60.000000;30.000000;10000.000000;500.000000;60.000000;10.000000;;;;;;;;;;;;;;;;;;;;
CA213731L0069.tif;1;-2408456.607308;1233575.463068;4572.000000;87.929154;60.000000;30.000000;10000.000000;500.000000;60.000000;10.000000;;;;;;;;;;;;;;;;;;;;
CA213731L0070.tif;1;-2406316.235092;1232575.050343;4572.000000;87.927346;60.000000;30.000000;10000.000000;500.000000;60.000000;10.000000;;;;;;;;;;;;;;;;;;;;
CA213731L0071.tif;1;-2404175.862876;1231574.637617;4572.000000;87.925535;60.000000;30.000000;10000.000000;500.000000;60.000000;10.000000;;;;;;;;;;;;;;;;;;;;
CA213732V0055.tif;1;-2438421.818333;1247581.241225;4572.000000;87.954139;0.000000;0.000000;10000.000000;500.000000;60.000000;10.000000;;;;;;;;;;;;;;;;;;;;
CA213732V0056.tif;1;-2436281.446117;1246580.828499;4572.000000;87.952374;0.000000;0.000000;10000.000000;500.000000;60.000000;10.000000;;;;;;;;;;;;;;;;;;;;
CA213732V0057.tif;1;-2434141.073901;1245580.415774;4572.000000;87.950606;0.000000;0.000000;10000.000000;500.000000;60.000000;10.000000;;;;;;;;;;;;;;;;;;;;
CA213732V0058.tif;1;-2432000.701685;1244580.003048;4572.000000;87.948836;0.000000;0.000000;10000.000000;500.000000;60.000000;10.000000;;;;;;;;;;;;;;;;;;;;
CA213732V0059.tif;1;-2429860.329469;1243579.590323;4572.000000;87.947062;0.000000;0.000000;10000.000000;500.000000;60.000000;10.000000;;;;;;;;;;;;;;;;;;;;
CA213732V0060.tif;1;-2427719.957253;1242579.177597;4572.000000;87.945285;0.000000;0.000000;10000.000000;500.000000;60.000000;10.000000;;;;;;;;;;;;;;;;;;;;
CA213732V0061.tif;1;-2425579.585037;1241578.764872;4572.000000;87.943505;0.000000;0.000000;10000.000000;500.000000;60.000000;10.000000;;;;;;;;;;;;;;;;;;;;
CA213732V0062.tif;1;-2423439.212821;1240578.352146;4572.000000;87.941722;0.000000;0.000000;10000.000000;500.000000;60.000000;10.000000;;;;;;;;;;;;;;;;;;;;
CA213732V0063.tif;1;-2421298.840605;1239577.939421;4572.000000;87.939936;0.000000;0.000000;10000.000000;500.000000;60.000000;10.000000;;;;;;;;;;;;;;;;;;;;
CA213732V0064.tif;1;-2419158.468389;1238577.526696;4572.000000;87.938147;0.000000;0.000000;10000.000000;500.000000;60.000000;10.000000;;;;;;;;;;;;;;;;;;;;
CA213732V0065.tif;1;-2417018.096173;1237577.113970;4572.000000;87.936354;0.000000;0.000000;10000.000000;500.000000;60.000000;10.000000;;;;;;;;;;;;;;;;;;;;
CA213732V0066.tif;1;-2414877.723956;1236576.701245;4572.000000;87.934559;0.000000;0.000000;10000.000000;500.000000;60.000000;10.000000;;;;;;;;;;;;;;;;;;;;
CA213732V0067.tif;1;-2412737.351740;1235576.288519;4572.000000;87.932760;0.000000;0.000000;10000.000000;500.000000;60.000000;10.000000;;;;;;;;;;;;;;;;;;;;
CA213732V0068.tif;1;-2410596.979524;1234575.875794;4572.000000;87.930959;0.000000;0.000000;10000.000000;500.000000;60.000000;10.000000;;;;;;;;;;;;;;;;;;;;
CA213732V0069.tif;1;-2408456.607308;1233575.463068;4572.000000;87.929154;0.000000;0.000000;10000.000000;500.000000;60.000000;10.000000;;;;;;;;;;;;;;;;;;;;
CA213732V0070.tif;1;-2406316.235092;1232575.050343;4572.000000;87.927346;0.000000;0.000000;10000.000000;500.000000;60.000000;10.000000;;;;;;;;;;;;;;;;;;;;
CA213732V0071.tif;1;-2404175.862876;1231574.637617;4572.000000;87.925535;0.000000;0.000000;10000.000000;500.000000;60.000000;10.000000;;;;;;;;;;;;;;;;;;;;
CA213732V0072.tif;1;-2402035.490660;1230574.224892;4572.000000;87.923720;0.000000;0.000000;10000.000000;500.000000;60.000000;10.000000;;;;;;;;;;;;;;;;;;;;
CA213732V0073.tif;1;-2399895.118444;1229573.812166;4572.000000;87.921903;0.000000;0.000000;10000.000000;500.000000;60.000000;10.000000;;;;;;;;;;;;;;;;;;;;
CA213732V0074.tif;1;-2397754.746228;1228573.399441;4572.000000;87.920082;0.000000;0.000000;10000.000000;500.000000;60.000000;10.000000;;;;;;;;;;;;;;;;;;;;
CA213732V0075.tif;1;-2395614.374012;1227572.986715;4572.000000;87.918258;0.000000;0.000000;10000.000000;500.000000;60.000000;10.000000;;;;;;;;;;;;;;;;;;;;
CA213732V0076.tif;1;-2393474.001796;1226572.573990;4572.000000;87.916431;0.000000;0.000000;10000.000000;500.000000;60.000000;10.000000;;;;;;;;;;;;;;;;;;;;
CA213732V0077.tif;1;-2391333.629580;1225572.161264;4572.000000;87.914601;0.000000;0.000000;10000.000000;500.000000;60.000000;10.000000;;;;;;;;;;;;;;;;;;;;
CA213732V0078.tif;1;-2389193.257364;1224571.748539;4572.000000;87.912767;0.000000;0.000000;10000.000000;500.000000;60.000000;10.000000;;;;;;;;;;;;;;;;;;;;
CA213732V0079.tif;1;-2387052.885148;1223571.335814;4572.000000;87.910931;0.000000;0.000000;10000.000000;500.000000;60.000000;10.000000;;;;;;;;;;;;;;;;;;;;
CA213733R0060.tif;1;-2427719.957253;1242579.177597;4572.000000;87.945285;-60.000000;-30.000000;10000.000000;500.000000;60.000000;10.000000;;;;;;;;;;;;;;;;;;;;
CA213733R0061.tif;1;-2425579.585037;1241578.764872;4572.000000;87.943505;-60.000000;-30.000000;10000.000000;500.000000;60.000000;10.000000;;;;;;;;;;;;;;;;;;;;
CA213733R0062.tif;1;-2423439.212821;1240578.352146;4572.000000;87.941722;-60.000000;-30.000000;10000.000000;500.000000;60.000000;10.000000;;;;;;;;;;;;;;;;;;;;
CA213733R0063.tif;1;-2421298.840605;1239577.939421;4572.000000;87.939936;-60.000000;-30.000000;10000.000000;500.000000;60.000000;10.000000;;;;;;;;;;;;;;;;;;;;
CA213733R0064.tif;1;-2419158.468389;1238577.526696;4572.000000;87.938147;-60.000000;-30.000000;10000.000000;500.000000;60.000000;10.000000;;;;;;;;;;;;;;;;;;;;
CA213733R0065.tif;1;-2417018.096173;1237577.113970;4572.000000;87.936354;-60.000000;-30.000000;10000.000000;500.000000;60.000000;10.000000;;;;;;;;;;;;;;;;;;;;
CA213733R0066.tif;1;-2414877.723956;1236576.701245;4572.000000;87.934559;-60.000000;-30.000000;10000.000000;500.000000;60.000000;10.000000;;;;;;;;;;;;;;;;;;;;
CA213733R0067.tif;1;-2412737.351740;1235576.288519;4572.000000;87.932760;-60.000000;-30.000000;10000.000000;500.000000;60.000000;10.000000;;;;;;;;;;;;;;;;;;;;
CA213733R0068.tif;1;-2410596.979524;1234575.875794;4572.000000;87.930959;-60.000000;-30.000000;10000.000000;500.000000;60.000000;10.000000;;;;;;;;;;;;;;;;;;;;
CA213733R0069.tif;1;-2408456.607308;1233575.463068;4572.000000;87.929154;-60.000000;-30.000000;10000.000000;500.000000;60.000000;10.000000;;;;;;;;;;;;;;;;;;;;
CA213733R0070.tif;1;-2406316.235092;1232575.050343;4572.000000;87.927346;-60.000000;-30.000000;10000.000000;500.000000;60.000000;10.000000;;;;;;;;;;;;;;;;;;;;
CA213733R0071.tif;1;-2404175.862876;1231574.637617;4572.000000;87.925535;-60.000000;-30.000000;10000.000000;500.000000;60.000000;10.000000;;;;;;;;;;;;;;;;;;;;
CA213733R0072.tif;1;-2402035.490660;1230574.224892;4572.000000;87.923720;-60.000000;-30.000000;10000.000000;500.000000;60.000000;10.000000;;;;;;;;;;;;;;;;;;;;
CA213733R0073.tif;1;-2399895.118444;1229573.812166;4572.000000;87.921903;-60.000000;-30.000000;10000.000000;500.000000;60.000000;10.000000;;;;;;;;;;;;;;;;;;;;
CA213733R0074.tif;1;-2397754.746228;1228573.399441;4572.000000;87.920082;-60.000000;-30.000000;10000.000000;500.000000;60.000000;10.000000;;;;;;;;;;;;;;;;;;;;
CA213733R0075.tif;1;-2395614.374012;1227572.986715;4572.000000;87.918258;-60.000000;-30.000000;10000.000000;500.000000;60.000000;10.000000;;;;;;;;;;;;;;;;;;;;
CA213733R0076.tif;1;-2393474.001796;1226572.573990;4572.000000;87.916431;-60.000000;-30.000000;10000.000000;500.000000;60.000000;10.000000;;;;;;;;;;;;;;;;;;;;
CA213733R0077.tif;1;-2391333.629580;1225572.161264;4572.000000;87.914601;-60.000000;-30.000000;10000.000000;500.000000;60.000000;10.000000;;;;;;;;;;;;;;;;;;;;
CA213733R0078.tif;1;-2389193.257364;1224571.748539;4572.000000;87.912767;-60.000000;-30.000000;10000.000000;500.000000;60.000000;10.000000;;;;;;;;;;;;;;;;;;;;
CA213733R0079.tif;1;-2387052.885148;1223571.335814;4572.000000;87.910931;-60.000000;-30.000000;10000.000000;500.000000;60.000000;10.000000;;;;;;;;;;;;;;;;;;;;
CA213832V0193.tif;1;-2399611.525060;1201129.549337;4572.000000;266.919668;0.000000;0.000000;10000.000000;500.000000;60.000000;10.000000;;;;;;;;;;;;;;;;;;;;
CA213832V0194.tif;1;-2402697.695130;1202472.409678;4572.000000;266.923518;0.000000;0.000000;10000.000000;500.000000;60.000000;10.000000;;;;;;;;;;;;;;;;;;;;
CA213832V0195.tif;1;-2405783.865199;1203815.270019;4572.000000;266.927359;0.000000;0.000000;10000.000000;500.000000;60.000000;10.000000;;;;;;;;;;;;;;;;;;;;
CA213832V0196.tif;1;-2408870.035268;1205158.130361;4572.000000;266.931191;0.000000;0.000000;10000.000000;500.000000;60.000000;10.000000;;;;;;;;;;;;;;;;;;;;
CA213832V0197.tif;1;-2411956.205338;1206500.990702;4572.000000;266.935013;0.000000;0.000000;10000.000000;500.000000;60.000000;10.000000;;;;;;;;;;;;;;;;;;;;
CA213832V0198.tif;1;-2415042.375407;1207843.851043;4572.000000;266.938825;0.000000;0.000000;10000.000000;500.000000;60.000000;10.000000;;;;;;;;;;;;;;;;;;;;
CA213832V0199.tif;1;-2418128.545476;1209186.711384;4572.000000;266.942628;0.000000;0.000000;10000.000000;500.000000;60.000000;10.000000;;;;;;;;;;;;;;;;;;;;
CA213832V0200.tif;1;-2421214.715546;1210529.571726;4572.000000;266.946421;0.000000;0.000000;10000.000000;500.000000;60.000000;10.000000;;;;;;;;;;;;;;;;;;;;
CA213832V0201.tif;1;-2424300.885615;1211872.432067;4572.000000;266.950205;0.000000;0.000000;10000.000000;500.000000;60.000000;10.000000;;;;;;;;;;;;;;;;;;;;
CA213832V0202.tif;1;-2427387.055684;1213215.292408;4572.000000;266.953980;0.000000;0.000000;10000.000000;500.000000;60.000000;10.000000;;;;;;;;;;;;;;;;;;;;
CA213832V0203.tif;1;-2430473.225754;1214558.152749;4572.000000;266.957745;0.000000;0.000000;10000.000000;500.000000;60.000000;10.000000;;;;;;;;;;;;;;;;;;;;
CA213832V0204.tif;1;-2433559.395823;1215901.013090;4572.000000;266.961501;0.000000;0.000000;10000.000000;500.000000;60.000000;10.000000;;;;;;;;;;;;;;;;;;;;
CA213833R0193.tif;1;-2399611.525060;1201129.549337;4572.000000;266.919668;-60.000000;-30.000000;10000.000000;500.000000;60.000000;10.000000;;;;;;;;;;;;;;;;;;;;
CA213833R0194.tif;1;-2402697.695130;1202472.409678;4572.000000;266.923518;-60.000000;-30.000000;10000.000000;500.000000;60.000000;10.000000;;;;;;;;;;;;;;;;;;;;
CA213833R0195.tif;1;-2405783.865199;1203815.270019;4572.000000;266.927359;-60.000000;-30.000000;10000.000000;500.000000;60.000000;10.000000;;;;;;;;;;;;;;;;;;;;
CA213833R0196.tif;1;-2408870.035268;1205158.130361;4572.000000;266.931191;-60.000000;-30.000000;10000.000000;500.000000;60.000000;10.000000;;;;;;;;;;;;;;;;;;;;
CA213833R0197.tif;1;-2411956.205338;1206500.990702;4572.000000;266.935013;-60.000000;-30.000000;10000.000000;500.000000;60.000000;10.000000;;;;;;;;;;;;;;;;;;;;
CA213833R0198.tif;1;-2415042.375407;1207843.851043;4572.000000;266.938825;-60.000000;-30.000000;10000.000000;500.000000;60.000000;10.000000;;;;;;;;;;;;;;;;;;;;
CA213833R0199.tif;1;-2418128.545476;1209186.711384;4572.000000;266.942628;-60.000000;-30.000000;10000.000000;500.000000;60.000000;10.000000;;;;;;;;;;;;;;;;;;;;
CA213833R0200.tif;1;-2421214.715546;1210529.571726;4572.000000;266.946421;-60.000000;-30.000000;10000.000000;500.000000;60.000000;10.000000;;;;;;;;;;;;;;;;;;;;
CA213833R0201.tif;1;-2424300.885615;1211872.432067;4572.000000;266.950205;-60.000000;-30.000000;10000.000000;500.000000;60.000000;10.000000;;;;;;;;;;;;;;;;;;;;
CA213833R0202.tif;1;-2427387.055684;1213215.292408;4572.000000;266.953980;-60.000000;-30.000000;10000.000000;500.000000;60.000000;10.000000;;;;;;;;;;;;;;;;;;;;
CA213833R0203.tif;1;-2430473.225754;1214558.152749;4572.000000;266.957745;-60.000000;-30.000000;10000.000000;500.000000;60.000000;10.000000;;;;;;;;;;;;;;;;;;;;
CA213833R0204.tif;1;-2433559.395823;1215901.013090;4572.000000;266.961501;-60.000000;-30.000000;10000.000000;500.000000;60.000000;10.000000;;;;;;;;;;;;;;;;;;;;
CA214732V0034.tif;1;-2410048.335548;1280897.936624;4572.000000;87.050148;0.000000;0.000000;10000.000000;500.000000;60.000000;10.000000;13095.806534;1098.046421;-13049.690192;-5.358961;16.666601;12.076180;-11.461535;-0.758068;-2408342.568302;1258841.792621;4553.246797;99.126328;-11.461535;-0.758068;;;;;;
CA214732V0035.tif;1;-2407505.756022;1279710.162246;4572.000000;87.047113;0.000000;0.000000;10000.000000;500.000000;60.000000;10.000000;12472.211491;-268.517544;-12469.320377;-2.670187;16.643423;12.353304;-11.128162;-0.750621;-2408102.483579;1258673.524020;4557.181276;99.400417;-11.128162;-0.750621;;;;;;
CA214732V0036.tif;1;-2404963.176496;1278522.387868;4572.000000;87.044072;0.000000;0.000000;10000.000000;500.000000;60.000000;10.000000;12001.221018;-1638.645049;-11888.824502;0.525271;16.859115;12.464913;-11.336693;-0.578888;-2407863.150152;1258503.587062;4561.277340;99.508984;-11.336693;-0.578888;;;;;;
CA214732V0037.tif;1;-2402420.596970;1277334.613490;4572.000000;87.041024;0.000000;0.000000;10000.000000;500.000000;60.000000;10.000000;11701.659134;-3011.389980;-11307.534673;4.062619;16.829152;12.392785;-11.362188;-0.734782;-2407622.932884;1258333.103427;4565.369498;99.433809;-11.362188;-0.734782;;;;;;
CA214732V0038.tif;1;-2399878.017444;1276146.839112;4572.000000;87.037970;0.000000;0.000000;10000.000000;500.000000;60.000000;10.000000;11591.051047;-4375.471722;-10733.482516;8.041490;16.844284;12.470211;-11.303353;-0.676718;-2407362.898880;1258148.587791;4569.549740;99.508181;-11.303353;-0.676718;;;;;;
CA214732V0039.tif;1;-2397335.437919;1274959.064734;4572.000000;87.034910;0.000000;0.000000;10000.000000;500.000000;60.000000;10.000000;11669.798047;-5741.454946;-10159.711238;12.211431;16.780846;12.357533;-11.335396;-0.630055;-2407100.762730;1257961.735036;4573.576677;99.392443;-11.335396;-0.630055;;;;;;
CA214732V0040.tif;1;-2394792.858393;1273771.290356;4572.000000;87.031843;0.000000;0.000000;10000.000000;500.000000;60.000000;10.000000;11932.882805;-7109.716007;-9583.598158;16.634236;16.560809;12.083095;-11.305331;-0.669851;-2406837.097177;1257776.921863;4577.514469;99.114938;-11.305331;-0.669851;;;;;;
CA214733R0034.tif;1;-2410048.335548;1280897.936624;4572.000000;87.050148;-60.000000;-30.000000;10000.000000;500.000000;60.000000;10.000000;13096.069298;1097.944549;-13049.962301;-5.723034;33.415034;15.196473;-11.729500;27.350512;-2408342.747432;1258841.334261;4552.882187;102.246621;-71.729500;-2.649488;;;;;;
CA214733R0035.tif;1;-2407505.756022;1279710.162246;4572.000000;87.047113;-60.000000;-30.000000;10000.000000;500.000000;60.000000;10.000000;12472.491975;-268.562493;-12469.599914;-2.873117;33.474533;15.357546;-11.387070;27.477714;-2408102.566075;1258673.054070;4556.977799;102.404659;-71.387070;-2.522286;;;;;;
CA214733R0036.tif;1;-2404963.176496;1278522.387868;4572.000000;87.044072;-60.000000;-30.000000;10000.000000;500.000000;60.000000;10.000000;12001.501713;-1638.809348;-11889.085210;0.389737;33.789603;15.077253;-11.592773;27.928862;-2407863.433910;1258503.149754;4561.141280;102.121325;-71.592773;-2.071138;;;;;;
CA214733R0037.tif;1;-2402420.596970;1277334.613490;4572.000000;87.041024;-60.000000;-30.000000;10000.000000;500.000000;60.000000;10.000000;11701.993489;-3011.399616;-11307.878187;3.857202;33.578258;15.352313;-11.609016;27.514299;-2407622.956252;1258332.527890;4565.163470;102.393337;-71.609016;-2.485701;;;;;;
CA214733R0038.tif;1;-2399878.017444;1276146.839112;4572.000000;87.037970;-60.000000;-30.000000;10000.000000;500.000000;60.000000;10.000000;11591.666280;-4375.513738;-10734.129892;7.881860;33.706979;15.277655;-11.538193;27.742094;-2407362.982539;1258147.505118;4569.388996;102.315625;-71.538193;-2.257906;;;;;;
CA214733R0039.tif;1;-2397335.437919;1274959.064734;4572.000000;87.034910;-60.000000;-30.000000;10000.000000;500.000000;60.000000;10.000000;11670.075290;-5741.425635;-10160.046401;12.086615;33.718898;15.046708;-11.597034;27.858024;-2407100.719368;1257961.175214;4573.451356;102.081618;-71.597034;-2.141976;;;;;;
CA214733R0040.tif;1;-2394792.858393;1273771.290356;4572.000000;87.031843;-60.000000;-30.000000;10000.000000;500.000000;60.000000;10.000000;11933.247895;-7110.013252;-9583.832401;16.534492;33.459865;14.977778;-11.538799;27.605885;-2406837.603251;1257776.533380;4577.414044;102.009621;-71.538799;-2.394115;;;;;;
CA214831L0075.tif;1;-2400857.950665;1252338.891639;4572.000000;266.182491;60.000000;30.000000;10000.000000;500.000000;60.000000;10.000000;4379.188029;-3873.920301;2027.724336;241.584998;32.050208;5.068821;11.117707;-29.629706;-2407345.922911;1255734.856929;4812.091340;271.251312;71.117707;0.370294;;;;;;
CA214831L0076.tif;1;-2404181.204128;1253799.662392;4572.000000;266.187600;60.000000;30.000000;10000.000000;500.000000;60.000000;10.000000;2441.190597;-2073.297524;1266.352556;239.165444;31.235157;6.107993;11.188201;-28.515814;-2407658.758328;1255923.247656;4810.704338;272.295593;71.188201;1.484186;;;;;;
CA214831L0077.tif;1;-2407504.457592;1255260.433145;4572.000000;266.192696;60.000000;30.000000;10000.000000;500.000000;60.000000;10.000000;624.916993;-278.670623;506.560354;237.193044;33.009516;3.992409;11.229749;-30.782813;-2407972.686886;1256111.176158;4809.166934;270.185105;71.229749;-0.782813;;;;;;
CA214831L0078.tif;1;-2410827.711056;1256721.203898;4572.000000;266.197778;60.000000;30.000000;10000.000000;500.000000;60.000000;10.000000;1549.989541;1511.022168;-252.038142;236.127843;31.598930;5.358396;10.943536;-29.155086;-2408285.963540;1256297.997846;4807.944515;271.556174;70.943536;0.844914;;;;;;
CA214831L0079.tif;1;-2414150.964519;1258181.974652;4572.000000;266.202846;60.000000;30.000000;10000.000000;500.000000;60.000000;10.000000;3454.035026;3295.040966;-1008.714530;235.707422;31.136117;5.903667;11.055273;-28.502376;-2408599.868595;1256484.943662;4806.779724;272.106513;71.055273;1.497624;;;;;;
CA214831L0080.tif;1;-2417474.217983;1259642.745405;4572.000000;266.207901;60.000000;30.000000;10000.000000;500.000000;60.000000;10.000000;5377.435757;5076.417652;-1758.365565;234.413506;31.136452;8.819978;11.226689;-27.670347;-2408909.319213;1256680.665114;4804.158713;275.027879;71.226689;2.329653;;;;;;
CA214831L0081.tif;1;-2420797.471447;1261103.516158;4572.000000;266.212943;60.000000;30.000000;10000.000000;500.000000;60.000000;10.000000;7300.117790;6852.840232;-2505.179102;233.191293;30.866416;9.095835;11.106079;-27.325015;-2409218.233496;1256878.132039;4801.032193;275.308778;71.106079;2.674985;;;;;;
CA214831L0082.tif;1;-2424120.724911;1262564.286911;4572.000000;266.217971;60.000000;30.000000;10000.000000;500.000000;60.000000;10.000000;9218.998517;8624.047936;-3249.894731;232.196227;31.250067;8.712313;11.254309;-27.820906;-2409527.085388;1257076.108888;4797.560705;274.930284;71.254309;2.179094;;;;;;
CA214831L0083.tif;1;-2427443.978374;1264025.057665;4572.000000;266.222986;60.000000;30.000000;10000.000000;500.000000;60.000000;10.000000;11134.439920;10391.289374;-3992.847165;232.441394;31.447789;8.304507;11.001050;-28.266154;-2409833.805269;1257274.051361;4794.760160;274.527493;71.001050;1.733846;;;;;;
CA214831L0084.tif;1;-2430767.231838;1265485.828418;4572.000000;266.227988;60.000000;30.000000;10000.000000;500.000000;60.000000;10.000000;13045.055113;12153.165211;-4734.972222;232.543130;30.379973;9.303540;10.893487;-26.790275;-2410140.793857;1257470.362364;4791.252758;275.531528;70.893487;3.209725;;;;;;
CA214832V0075.tif;1;-2400857.950665;1252338.891639;4572.000000;266.182491;0.000000;0.000000;10000.000000;500.000000;60.000000;10.000000;4379.698961;-3874.511144;2027.761108;241.062816;11.260789;4.061316;10.485918;0.597172;-2407346.914083;1255734.920572;4811.568788;270.243807;10.485918;0.597172;;;;;;
CA214832V0076.tif;1;-2404181.204128;1253799.662392;4572.000000;266.187600;0.000000;0.000000;10000.000000;500.000000;60.000000;10.000000;2441.513763;-2073.776555;1266.306387;238.554790;11.391822;4.131073;10.572149;0.968246;-2407659.562268;1255923.171217;4810.093537;270.318673;10.572149;0.968246;;;;;;
CA214832V0077.tif;1;-2407504.457592;1255260.433145;4572.000000;266.192696;0.000000;0.000000;10000.000000;500.000000;60.000000;10.000000;624.931831;-279.188169;506.584164;236.571859;11.352722;4.034803;10.609109;0.226865;-2407973.556201;1256111.216286;4808.545724;270.227499;10.609109;0.226865;;;;;;
CA214832V0078.tif;1;-2410827.711056;1256721.203898;4572.000000;266.197778;0.000000;0.000000;10000.000000;500.000000;60.000000;10.000000;1549.511202;1510.589857;-252.150247;235.634256;11.070896;3.948533;10.317098;0.728908;-2408286.690222;1256297.808519;4807.451026;270.146311;10.317098;0.728908;;;;;;
CA214832V0079.tif;1;-2414150.964519;1258181.974652;4572.000000;266.202846;0.000000;0.000000;10000.000000;500.000000;60.000000;10.000000;3453.675125;3294.692586;-1008.802706;234.924955;11.196739;3.922136;10.442982;0.963305;-2408600.454721;1256484.793817;4805.997423;270.124982;10.442982;0.963305;;;;;;
CA214832V0080.tif;1;-2417474.217983;1259642.745405;4572.000000;266.207901;0.000000;0.000000;10000.000000;500.000000;60.000000;10.000000;5377.092931;5076.077093;-1758.385381;233.774649;12.325610;6.112687;10.634216;1.212090;-2408909.892481;1256680.629963;4803.520120;272.320588;10.634216;1.212090;;;;;;
CA214832V0081.tif;1;-2420797.471447;1261103.516158;4572.000000;266.212943;0.000000;0.000000;10000.000000;500.000000;60.000000;10.000000;7299.715597;6852.314982;-2505.511258;232.466182;12.206169;6.033116;10.524054;1.355123;-2409219.119696;1256877.565776;4800.307515;272.246059;10.524054;1.355123;;;;;;
CA214832V0082.tif;1;-2424120.724911;1262564.286911;4572.000000;266.217971;0.000000;0.000000;10000.000000;500.000000;60.000000;10.000000;9377.436593;8583.746116;-3774.446717;-95.768777;212.570388;-117.355048;3.837061;-177.198306;-2409598.398968;1256185.118267;4469.361993;148.862923;3.837061;-177.198306;;;;;;
CA214832V0083.tif;1;-2427443.978374;1264025.057665;4572.000000;266.222986;0.000000;0.000000;10000.000000;500.000000;60.000000;10.000000;11382.236531;10503.047503;-4385.656722;-85.537770;212.686337;-117.347900;4.072302;-177.336867;-2409648.353809;1256606.710666;4476.341424;148.875086;4.072302;-177.336867;;;;;;
CA214832V0084.tif;1;-2430767.231838;1265485.828418;4572.000000;266.227988;0.000000;0.000000;10000.000000;500.000000;60.000000;10.000000;;;;;;;;;;;;;;;;;;;;
CA214833R0076.tif;1;-2404181.204128;1253799.662392;4572.000000;266.187600;-60.000000;-30.000000;10000.000000;500.000000;60.000000;10.000000;2440.942096;-2073.144542;1266.536331;236.972034;33.703658;3.408704;11.077723;31.648086;-2407658.501970;1255923.555352;4808.510941;269.596304;-48.922277;1.648086;;;;;;
CA214833R0077.tif;1;-2407504.457592;1255260.433145;4572.000000;266.192696;-60.000000;-30.000000;10000.000000;500.000000;60.000000;10.000000;623.983774;-278.423999;506.635135;234.854564;32.767751;4.300245;11.099282;30.529320;-2407972.272715;1256111.301698;4806.828459;270.492941;-48.900718;0.529320;;;;;;
CA214833R0078.tif;1;-2410827.711056;1256721.203898;4572.000000;266.197778;-60.000000;-30.000000;10000.000000;500.000000;60.000000;10.000000;1549.779153;1511.208995;-251.797497;233.796534;33.316994;3.582254;10.828205;31.303986;-2408285.649411;1256298.403194;4805.613171;269.780031;-49.171795;1.303986;;;;;;
CA214833R0079.tif;1;-2414150.964519;1258181.974652;4572.000000;266.202846;-60.000000;-30.000000;10000.000000;500.000000;60.000000;10.000000;3399.553785;2789.665454;-1938.793074;-125.753744;218.300668;-109.804320;123.293429;-142.817797;-2409452.624868;1254914.837546;4445.344617;156.398526;63.293429;-172.817797;;;;;;
CA214833R0080.tif;1;-2417474.217983;1259642.745405;4572.000000;266.207901;-60.000000;-30.000000;10000.000000;500.000000;60.000000;10.000000;5373.294040;4727.537547;-2551.300101;-116.384605;220.075593;-112.529876;123.223240;-143.479360;-2409499.763359;1255338.696043;4453.360826;153.678025;63.223240;-173.479360;;;;;;
CA214833R0081.tif;1;-2420797.471447;1261103.516158;4572.000000;266.212943;-60.000000;-30.000000;10000.000000;500.000000;60.000000;10.000000;7372.048659;6658.028906;-3163.311236;-105.898715;219.779958;-112.225869;123.332217;-143.170348;-2409549.805777;1255761.904722;4461.856335;153.987074;63.332217;-173.170348;;;;;;
CA214931L0137.tif;1;-2426313.358749;1255918.452312;4572.000000;87.742824;60.000000;30.000000;10000.000000;500.000000;60.000000;10.000000;9676.122913;9622.406084;1014.988114;-80.342420;226.133462;-123.070056;-123.380167;144.109120;-2410042.346609;1257688.667500;4484.344475;324.672768;-63.380167;174.109120;;;;;;
CA214931L0138.tif;1;-2423710.646899;1254698.431132;4572.000000;87.740452;60.000000;30.000000;10000.000000;500.000000;60.000000;10.000000;8278.196459;8123.369619;1591.188095;-86.735771;225.574288;-122.419784;-123.577469;143.616730;-2409993.200846;1257430.425694;4479.911968;325.320668;-63.577469;173.616730;;;;;;
CA214931L0139.tif;1;-2421107.935049;1253478.409951;4572.000000;87.738075;60.000000;30.000000;10000.000000;500.000000;60.000000;10.000000;6966.957768;6620.290453;2168.325955;-92.830004;225.584836;-122.256840;-123.771124;143.605335;-2409945.102568;1257172.219938;4475.379464;325.481236;-63.771124;173.605335;;;;;;
CA214931L0140.tif;1;-2418505.223199;1252258.388770;4572.000000;87.735694;60.000000;30.000000;10000.000000;500.000000;60.000000;10.000000;5805.681938;5113.812350;2746.829010;-98.976740;226.147902;-122.835569;-123.458995;144.264247;-2409896.953208;1256914.775047;4470.391542;324.900125;-63.458995;174.264247;;;;;;
CA214931L0141.tif;1;-2415902.511349;1251038.367589;4572.000000;87.733307;60.000000;30.000000;10000.000000;500.000000;60.000000;10.000000;4905.672928;3604.491103;3326.033506;-103.787679;225.698111;-122.337733;-123.691227;143.783158;-2409847.798971;1256656.963850;4466.333764;325.395574;-63.691227;173.783158;;;;;;
CA214931L0142.tif;1;-2413299.799499;1249818.346409;4572.000000;87.730915;60.000000;30.000000;10000.000000;500.000000;60.000000;10.000000;4432.967021;2092.096417;3906.735332;-108.389274;225.241611;-121.996422;-123.528231;143.497153;-2409798.014738;1256400.123284;4462.077064;325.734494;-63.528231;173.497153;;;;;;
CA214931L0143.tif;1;-2410697.087649;1248598.325228;4572.000000;87.728519;60.000000;30.000000;10000.000000;500.000000;60.000000;10.000000;4521.574168;577.243850;4483.144261;-113.313839;226.159645;-122.787651;-123.547229;144.247910;-2409746.505211;1256134.497531;4457.090541;324.940867;-63.547229;174.247910;;;;;;
CA214931L0144.tif;1;-2408094.375799;1247378.304047;4572.000000;87.726117;60.000000;30.000000;10000.000000;500.000000;60.000000;10.000000;5142.597474;-939.828297;5054.629132;-117.285536;226.005223;-122.876953;-123.278131;144.160042;-2409692.832993;1255859.063963;4452.649983;324.849164;-63.278131;174.160042;;;;;;
CA214931L0145.tif;1;-2405491.663949;1246158.282867;4572.000000;87.723710;60.000000;30.000000;10000.000000;500.000000;60.000000;10.000000;6142.362420;-2461.210124;5626.402877;-121.043325;225.380083;-122.307693;-123.176320;143.751884;-2409640.521547;1255582.612936;4448.010786;325.416017;-63.176320;173.751884;;;;;;
CA214932V0134.tif;1;-2434121.494299;1259578.515854;4572.000000;87.749909;0.000000;0.000000;10000.000000;500.000000;60.000000;10.000000;;;;;;;;;;;;;;;;;;;;
CA214932V0135.tif;1;-2431518.782449;1258358.494674;4572.000000;87.747552;0.000000;0.000000;10000.000000;500.000000;60.000000;10.000000;;;;;;;;;;;;;;;;;;;;
CA214932V0136.tif;1;-2428916.070599;1257138.473493;4572.000000;87.745190;0.000000;0.000000;10000.000000;500.000000;60.000000;10.000000;;;;;;;;;;;;;;;;;;;;
CA214932V0137.tif;1;-2426313.358749;1255918.452312;4572.000000;87.742824;0.000000;0.000000;10000.000000;500.000000;60.000000;10.000000;9676.896247;9623.150845;1015.257319;-80.878628;218.881138;-128.014775;-3.380847;177.509829;-2410041.094218;1257689.132262;4483.807106;319.728048;-3.380847;177.509829;;;;;;
CA214932V0138.tif;1;-2423710.646899;1254698.431132;4572.000000;87.740452;0.000000;0.000000;10000.000000;500.000000;60.000000;10.000000;8278.899396;8124.097635;1591.099265;-87.269415;218.620889;-127.794120;-3.567663;177.344376;-2409991.976409;1257430.280520;4479.377422;319.946332;-3.567663;177.344376;;;;;;
CA214932V0139.tif;1;-2421107.935049;1253478.409951;4572.000000;87.738075;0.000000;0.000000;10000.000000;500.000000;60.000000;10.000000;6967.544857;6620.885689;2168.358353;-93.680797;218.506556;-127.634707;-3.739184;177.314734;-2409944.102235;1257172.278610;4474.528045;320.103369;-3.739184;177.314734;;;;;;
CA214932V0140.tif;1;-2418505.223199;1252258.388770;4572.000000;87.735694;0.000000;0.000000;10000.000000;500.000000;60.000000;10.000000;5806.339376;5114.527847;2746.864897;-99.574540;218.741767;-127.627529;-3.429614;177.615912;-2409895.751326;1256914.839249;4469.793156;320.108165;-3.429614;177.615912;;;;;;
CA214932V0141.tif;1;-2415902.511349;1251038.367589;4572.000000;87.733307;0.000000;0.000000;10000.000000;500.000000;60.000000;10.000000;4906.336412;3605.137992;3326.290698;-104.437740;218.532974;-127.573959;-3.676068;177.392312;-2409846.714211;1256657.400466;4465.683205;320.159348;-3.676068;177.392312;;;;;;
CA214932V0142.tif;1;-2413299.799499;1249818.346409;4572.000000;87.730915;0.000000;0.000000;10000.000000;500.000000;60.000000;10.000000;4433.445509;2092.821421;3906.870427;-109.091925;218.368243;-127.482415;-3.519856;177.258382;-2409796.798740;1256400.352500;4461.374093;320.248500;-3.519856;177.258382;;;;;;
CA214932V0143.tif;1;-2410697.087649;1248598.325228;4572.000000;87.728519;0.000000;0.000000;10000.000000;500.000000;60.000000;10.000000;4521.515164;578.129806;4482.955381;-113.913820;218.758404;-127.607510;-3.520404;177.649007;-2409745.017208;1256134.180112;4456.490612;320.121009;-3.520404;177.649007;;;;;;
CA214932V0144.tif;1;-2408094.375799;1247378.304047;4572.000000;87.726117;0.000000;0.000000;10000.000000;500.000000;60.000000;10.000000;5142.475879;-939.119039;5054.620366;-118.010827;218.757695;-127.763208;-3.236204;177.541598;-2409691.643438;1255859.048606;4451.924804;319.962909;-3.236204;177.541598;;;;;;
CA214932V0145.tif;1;-2405491.663949;1246158.282867;4572.000000;87.723710;0.000000;0.000000;10000.000000;500.000000;60.000000;10.000000;6142.341540;-2460.427423;5626.709588;-121.637574;218.485322;-127.572574;-3.182757;177.344141;-2409639.212596;1255583.125535;4447.416569;320.151136;-3.182757;177.344141;;;;;;
CA214932V0146.tif;1;-2402888.952099;1244938.261686;4572.000000;87.721298;0.000000;0.000000;10000.000000;500.000000;60.000000;10.000000;7380.328730;-3987.745742;6208.985129;-125.058906;218.458184;-127.377836;-3.385852;177.446897;-2409591.080897;1255322.765067;4442.687379;320.343462;-3.385852;177.446897;;;;;;
CA214932V0147.tif;1;-2400286.240248;1243718.240505;4572.000000;87.718881;0.000000;0.000000;10000.000000;500.000000;60.000000;10.000000;8763.876271;-5520.768666;6805.177804;-127.262236;218.742930;-127.596421;-3.448091;177.639336;-2409546.787293;1255084.126125;4438.739034;320.122460;-3.448091;177.639336;;;;;;
CA214932V0148.tif;1;-2397683.528398;1242498.219325;4572.000000;87.716459;0.000000;0.000000;10000.000000;500.000000;60.000000;10.000000;10217.813884;-7055.015045;7390.115063;-129.161295;218.492194;-127.362839;-3.704868;177.493155;-2409498.512919;1254825.072944;4434.683865;320.353619;-3.704868;177.493155;;;;;;
CA214933R0134.tif;1;-2434121.494299;1259578.515854;4572.000000;87.749909;-60.000000;-30.000000;10000.000000;500.000000;60.000000;10.000000;;;;;;;;;;;;;;;;;;;;
CA214933R0135.tif;1;-2431518.782449;1258358.494674;4572.000000;87.747552;-60.000000;-30.000000;10000.000000;500.000000;60.000000;10.000000;12617.095366;12616.068049;-147.483343;-64.584242;232.451799;-128.728003;116.021903;-154.925330;-2410130.866471;1258183.364454;4494.980496;319.019549;56.021903;175.074670;;;;;;
CA214933R0136.tif;1;-2428916.070599;1257138.473493;4572.000000;87.745190;-60.000000;-30.000000;10000.000000;500.000000;60.000000;10.000000;11128.024283;11119.284848;435.088208;-71.604135;234.207869;-132.151757;115.759594;-154.883684;-2410089.382743;1257939.064391;4490.722937;315.593433;55.759594;175.116316;;;;;;
CA214933R0137.tif;1;-2426313.358749;1255918.452312;4572.000000;87.742824;-60.000000;-30.000000;10000.000000;500.000000;60.000000;10.000000;9677.474920;9623.742256;1015.356707;-78.463813;234.065549;-132.068683;116.175156;-154.427579;-2410040.099489;1257689.306767;4486.221015;315.674140;56.175156;175.572421;;;;;;
CA214933R0138.tif;1;-2423710.646899;1254698.431132;4572.000000;87.740452;-60.000000;-30.000000;10000.000000;500.000000;60.000000;10.000000;8279.770410;8124.986216;1591.224133;-84.869207;233.959094;-131.914199;115.950801;-154.566858;-2409990.482601;1257430.499440;4481.776471;315.826253;55.950801;175.433142;;;;;;
CA214933R0139.tif;1;-2421107.935049;1253478.409951;4572.000000;87.738075;-60.000000;-30.000000;10000.000000;500.000000;60.000000;10.000000;6969.401614;6622.581610;2169.267281;-90.835729;233.799370;-131.759080;115.761738;-154.599192;-2409941.255369;1257173.829915;4477.371050;315.978995;55.761738;175.400808;;;;;;
CA214933R0140.tif;1;-2418505.223199;1252258.388770;4572.000000;87.735694;-60.000000;-30.000000;10000.000000;500.000000;60.000000;10.000000;5807.419252;5115.344526;2747.714809;-97.118900;233.575210;-131.462574;116.113464;-154.248610;-2409894.383535;1256916.281263;4472.247778;316.273120;56.113464;175.751390;;;;;;
CA214933R0141.tif;1;-2415902.511349;1251038.367589;4572.000000;87.733307;-60.000000;-30.000000;10000.000000;500.000000;60.000000;10.000000;4907.470931;3606.175033;3326.914290;-102.048392;233.653834;-131.566133;115.844841;-154.481196;-2409844.976490;1256658.457274;4468.071645;316.167174;55.844841;175.518804;;;;;;
CA214933R0142.tif;1;-2413299.799499;1249818.346409;4572.000000;87.730915;-60.000000;-30.000000;10000.000000;500.000000;60.000000;10.000000;4434.642871;2093.839636;3907.748683;-106.738947;234.075952;-131.772608;115.991808;-154.833560;-2409795.095847;1256401.835311;4463.726202;315.958308;55.991808;175.166440;;;;;;
CA214933R0143.tif;1;-2410697.087649;1248598.325228;4572.000000;87.728519;-60.000000;-30.000000;10000.000000;500.000000;60.000000;10.000000;4522.314548;579.068287;4483.701348;-111.494435;233.324284;-131.258742;116.036184;-154.100513;-2409743.448678;1256135.436161;4458.909390;316.469777;56.036184;175.899487;;;;;;
CA214933R0144.tif;1;-2408094.375799;1247378.304047;4572.000000;87.726117;-60.000000;-30.000000;10000.000000;500.000000;60.000000;10.000000;5142.765771;-937.779181;5055.221981;-115.501948;233.703309;-131.530738;116.286106;-154.254475;-2409689.401906;1255860.058218;4454.433403;316.195379;56.286106;175.745525;;;;;;
CA214933R0145.tif;1;-2405491.663949;1246158.282867;4572.000000;87.723710;-60.000000;-30.000000;10000.000000;500.000000;60.000000;10.000000;6142.660614;-2459.191348;5627.662875;-118.608176;234.125776;-131.683968;116.381424;-154.691874;-2409637.150212;1255584.721511;4450.445604;316.039742;56.381424;175.308126;;;;;;
CA214933R0146.tif;1;-2402888.952099;1244938.261686;4572.000000;87.721298;-60.000000;-30.000000;10000.000000;500.000000;60.000000;10.000000;7380.655010;-3986.642423;6210.142142;-122.004724;233.673624;-131.307027;116.175421;-154.483329;-2409589.245123;1255324.698058;4445.741126;316.414271;56.175421;175.516671;;;;;;
CA214933R0147.tif;1;-2400286.240248;1243718.240505;4572.000000;87.718881;-60.000000;-30.000000;10000.000000;500.000000;60.000000;10.000000;8764.572778;-5519.722897;6806.977846;-124.288866;233.499498;-131.336171;116.094546;-154.255898;-2409545.057792;1255087.129166;4441.711392;316.382710;56.094546;175.744102;;;;;;
CA214933R0148.tif;1;-2397683.528398;1242498.219325;4572.000000;87.716459;-60.000000;-30.000000;10000.000000;500.000000;60.000000;10.000000;10218.360794;-7054.186304;7391.711973;-126.281482;233.444589;-131.240584;115.843814;-154.442533;-2409497.146664;1254827.731753;4437.562748;316.475874;55.843814;175.557467;;;;;;
CA215031L0257.tif;1;-2399853.405457;1260856.910047;4572.000000;266.503052;60.000000;30.000000;10000.000000;500.000000;60.000000;10.000000;5809.474200;-4966.248236;-3000.903428;284.512842;36.350813;-3.916950;11.150845;-34.375832;-2408197.578495;1255849.102910;4853.883287;262.586102;71.150845;-4.375832;;;;;;
CA215031L0258.tif;1;-2403222.307961;1262372.459681;4572.000000;266.507806;60.000000;30.000000;10000.000000;500.000000;60.000000;10.000000;4937.924910;-3143.897295;-3797.050771;285.337782;36.209991;-3.753273;11.029961;-34.284346;-2408521.464814;1256010.458099;4855.440004;262.754533;71.029961;-4.284346;;;;;;
CA215031L0259.tif;1;-2406591.210464;1263888.009316;4572.000000;266.512547;60.000000;30.000000;10000.000000;500.000000;60.000000;10.000000;4787.605418;-1327.497864;-4590.916788;287.050698;35.643371;-3.382126;11.029711;-33.724718;-2408846.170349;1256172.206653;4857.267167;263.130421;71.029711;-3.724718;;;;;;
CA215031L0260.tif;1;-2409960.112967;1265403.558950;4572.000000;266.517275;60.000000;30.000000;10000.000000;500.000000;60.000000;10.000000;5411.890888;483.227469;-5382.518378;289.050366;35.842429;-3.646463;10.862859;-33.961468;-2409171.265540;1256334.331844;4858.769436;262.870812;70.862859;-3.961468;;;;;;
CA215031L0261.tif;1;-2413329.015471;1266919.108584;4572.000000;266.521991;60.000000;30.000000;10000.000000;500.000000;60.000000;10.000000;6598.125549;2299.582536;-6177.558172;291.472042;35.915891;-3.684603;10.674339;-34.094478;-2409477.772591;1256487.255528;4860.078168;262.837388;70.674339;-4.094478;;;;;;
CA215031L0262.tif;1;-2416697.917974;1268434.658219;4572.000000;266.526693;60.000000;30.000000;10000.000000;500.000000;60.000000;10.000000;8127.450592;4141.764472;-6986.744195;294.356461;35.957555;-3.794814;10.803700;-34.085558;-2409731.737470;1256612.969350;4861.203308;262.731879;70.803700;-4.085558;;;;;;
CA215032V0257.tif;1;-2399853.405457;1260856.910047;4572.000000;266.503052;0.000000;0.000000;10000.000000;500.000000;60.000000;10.000000;5810.378581;-4966.576729;-3002.117748;284.436081;10.757637;-0.414455;10.642057;-1.517107;-2408198.137950;1255847.075020;4853.805703;266.088596;10.642057;-1.517107;;;;;;
CA215032V0258.tif;1;-2403222.307961;1262372.459681;4572.000000;266.507806;0.000000;0.000000;10000.000000;500.000000;60.000000;10.000000;4939.191705;-3144.677748;-3798.034052;285.576426;10.590890;-0.259984;10.490316;-1.432700;-2408522.786055;1256008.813460;4855.677681;266.247822;10.490316;-1.432700;;;;;;
CA215032V0259.tif;1;-2406591.210464;1263888.009316;4572.000000;266.512547;0.000000;0.000000;10000.000000;500.000000;60.000000;10.000000;4788.629225;-1328.000071;-4591.819739;287.362396;10.569864;-0.358118;10.490010;-1.246386;-2408847.024327;1256170.691512;4857.578114;266.154428;10.490010;-1.246386;;;;;;
CA215032V0260.tif;1;-2409960.112967;1265403.558950;4572.000000;266.517275;0.000000;0.000000;10000.000000;500.000000;60.000000;10.000000;5412.580668;482.893711;-5383.219913;289.459015;10.428411;-0.398795;10.337904;-1.311664;-2409171.835356;1256333.151411;4859.177520;266.118480;10.337904;-1.311664;;;;;;
CA215032V0261.tif;1;-2413329.015471;1266919.108584;4572.000000;266.521991;0.000000;0.000000;10000.000000;500.000000;60.000000;10.000000;6598.726835;2299.537313;-6178.191851;292.009312;10.219822;-0.277568;10.123497;-1.372054;-2409477.856074;1256486.186943;4860.614843;266.244422;10.123497;-1.372054;;;;;;
CA215032V0262.tif;1;-2416697.917974;1268434.658219;4572.000000;266.526693;0.000000;0.000000;10000.000000;500.000000;60.000000;10.000000;;;;;;;;;;;;;;;;;;;;
CA215033R0258.tif;1;-2403222.307961;1262372.459681;4572.000000;266.507806;-60.000000;-30.000000;10000.000000;500.000000;60.000000;10.000000;4938.322778;-3144.048284;-3797.668739;282.319665;30.271809;1.575300;10.953759;28.176515;-2408521.723368;1256009.423475;4852.421447;268.083105;-49.046241;-1.823485;;;;;;
CA215033R0259.tif;1;-2406591.210464;1263888.009316;4572.000000;266.512547;-60.000000;-30.000000;10000.000000;500.000000;60.000000;10.000000;5467.423101;-1407.672554;-5281.936378;-111.002008;218.734296;-107.679706;123.195282;-145.164374;-2408987.505209;1255012.527157;4458.664556;158.832841;63.195282;-175.164374;;;;;;
CA215033R0260.tif;1;-2409960.112967;1265403.558950;4572.000000;266.517275;-60.000000;-30.000000;10000.000000;500.000000;60.000000;10.000000;5947.440212;593.061603;-5916.939598;-100.741272;218.982811;-107.784851;123.343092;-145.335402;-2408991.525238;1255435.398930;4468.496930;158.732425;63.343092;-175.335402;;;;;;
CA215033R0261.tif;1;-2413329.015471;1266919.108584;4572.000000;266.521991;-60.000000;-30.000000;10000.000000;500.000000;60.000000;10.000000;7057.943821;2588.109069;-6565.677046;-90.262694;219.220241;-107.920120;123.553571;-145.414156;-2408995.377742;1255833.566366;4477.846929;158.601870;63.553571;-175.414156;;;;;;
CA215033R0262.tif;1;-2416697.917974;1268434.658219;4572.000000;266.526693;-60.000000;-30.000000;10000.000000;500.000000;60.000000;10.000000;8579.034681;4578.527886;-7254.684352;-80.457511;219.073690;-107.794166;123.416664;-145.402979;-2408997.720854;1256162.031407;4485.793682;158.732528;63.416664;-175.402979;;;;;;
CA215131L0291.tif;1;-2409668.435937;1271456.856279;4572.000000;86.671717;60.000000;30.000000;10000.000000;500.000000;60.000000;10.000000;8664.759794;919.336974;-8614.018556;177.668603;35.847268;10.141094;-10.804821;-32.641089;-2408182.634075;1256929.344068;4743.807385;96.812811;49.195179;-2.641089;;;;;;
CA215131L0292.tif;1;-2407002.529254;1270242.590562;4572.000000;86.668135;60.000000;30.000000;10000.000000;500.000000;60.000000;10.000000;8025.819476;-522.893360;-8006.745707;179.955485;35.933009;10.254231;-11.244056;-32.551546;-2407943.300230;1256765.190302;4746.927532;96.922366;48.755944;-2.551546;;;;;;
CA215131L0293.tif;1;-2404336.622572;1269028.324846;4572.000000;86.664545;60.000000;30.000000;10000.000000;500.000000;60.000000;10.000000;7660.993704;-1960.516937;-7403.635118;182.715366;35.942947;10.010703;-10.992421;-32.723813;-2407690.454540;1256592.031100;4750.134657;96.675248;49.007579;-2.723813;;;;;;
CA215131L0294.tif;1;-2401670.715890;1267814.059129;4572.000000;86.660947;60.000000;30.000000;10000.000000;500.000000;60.000000;10.000000;7605.875471;-3392.119459;-6805.021577;185.872521;35.733891;10.046152;-11.265408;-32.389449;-2407421.702751;1256409.311382;4753.357707;96.707100;48.734592;-2.389449;;;;;;
CA215132V0288.tif;1;-2417666.155983;1275099.653430;4572.000000;86.682418;0.000000;0.000000;10000.000000;500.000000;60.000000;10.000000;11706.695768;5261.437566;-10456.260862;174.955228;16.562541;12.259295;-11.046993;-1.411163;-2408840.313250;1257375.312036;4736.252506;98.941713;-11.046993;-1.411163;;;;;;
CA215132V0289.tif;1;-2415000.249301;1273885.387713;4572.000000;86.678859;0.000000;0.000000;10000.000000;500.000000;60.000000;10.000000;10554.313423;3812.387565;-9840.147822;175.281879;16.619002;12.022577;-11.371450;-1.529380;-2408629.650908;1257232.103188;4738.583358;98.701436;-11.371450;-1.529380;;;;;;
CA215132V0290.tif;1;-2412334.342619;1272671.121996;4572.000000;86.675292;0.000000;0.000000;10000.000000;500.000000;60.000000;10.000000;9521.696877;2360.470423;-9222.788393;176.252873;16.603558;12.407705;-10.933569;-1.477854;-2408418.064169;1257088.962211;4741.174016;99.082997;-10.933569;-1.477854;;;;;;
CA215132V0291.tif;1;-2409668.435937;1271456.856279;4572.000000;86.671717;0.000000;0.000000;10000.000000;500.000000;60.000000;10.000000;8665.387539;919.402854;-8614.637327;177.941886;16.475836;12.248679;-10.903306;-1.594033;-2408182.532530;1256928.303049;4744.079826;98.920397;-10.903306;-1.594033;;;;;;
CA215132V0292.tif;1;-2407002.529254;1270242.590562;4572.000000;86.668135;0.000000;0.000000;10000.000000;500.000000;60.000000;10.000000;8026.269702;-522.930294;-8007.186342;180.322266;16.785793;12.262213;-11.356317;-1.560461;-2407943.369001;1256764.450270;4747.293759;98.930348;-11.356317;-1.560461;;;;;;
CA215132V0293.tif;1;-2404336.622572;1269028.324846;4572.000000;86.664545;0.000000;0.000000;10000.000000;500.000000;60.000000;10.000000;7661.246919;-1960.562156;-7403.876787;183.054399;16.584961;12.189424;-11.118290;-1.691888;-2407690.534081;1256591.626020;4750.473396;98.853969;-11.118290;-1.691888;;;;;;
CA215132V0294.tif;1;-2401670.715890;1267814.059129;4572.000000;86.660947;0.000000;0.000000;10000.000000;500.000000;60.000000;10.000000;7606.115520;-3391.949138;-6805.363008;186.302676;16.541889;11.893438;-11.403767;-1.460936;-2407421.419778;1256408.739433;4753.787589;98.554385;-11.403767;-1.460936;;;;;;
CA215132V0295.tif;1;-2399004.809207;1266599.793412;4572.000000;86.657342;0.000000;0.000000;10000.000000;500.000000;60.000000;10.000000;7863.415186;-4826.182451;-6205.255752;189.901004;16.478837;12.062830;-11.141962;-1.377270;-2407151.263951;1256226.514594;4757.075129;98.720172;-11.141962;-1.377270;;;;;;
CA215133R0288.tif;1;-2417666.155983;1275099.653430;4572.000000;86.682418;-60.000000;-30.000000;10000.000000;500.000000;60.000000;10.000000;11707.139001;5260.372842;-10457.335849;172.360359;31.981829;16.671280;-10.771491;25.077496;-2408842.135199;1257373.488391;4733.656757;103.353698;-70.771491;-4.922504;;;;;;
CA215133R0289.tif;1;-2415000.249301;1273885.387713;4572.000000;86.678859;-60.000000;-30.000000;10000.000000;500.000000;60.000000;10.000000;10554.782132;3811.314964;-9841.105320;173.061162;31.867907;16.664226;-11.095268;24.794396;-2408631.481818;1257230.482586;4736.361809;103.343085;-71.095268;-5.205604;;;;;;
CA215133R0290.tif;1;-2412334.342619;1272671.121996;4572.000000;86.675292;-60.000000;-30.000000;10000.000000;500.000000;60.000000;10.000000;9522.114939;2359.336939;-9223.545111;174.406752;32.012955;16.769272;-10.650504;25.103536;-2408419.992476;1257087.684230;4739.327223;103.444564;-70.650504;-4.896464;;;;;;
CA215133R0291.tif;1;-2409668.435937;1271456.856279;4572.000000;86.671717;-60.000000;-30.000000;10000.000000;500.000000;60.000000;10.000000;8665.938506;918.303248;-8615.347666;176.050917;31.815771;16.851810;-10.618658;24.809351;-2408184.400949;1256927.106950;4742.188058;103.523527;-70.618658;-5.190649;;;;;;
CA215133R0292.tif;1;-2407002.529254;1270242.590562;4572.000000;86.668135;-60.000000;-30.000000;10000.000000;500.000000;60.000000;10.000000;8027.128492;-523.957199;-8008.020399;178.521629;31.997759;16.897804;-11.046126;24.825469;-2407945.114647;1256763.049976;4745.491995;103.565939;-71.046126;-5.174531;;;;;;
CA215133R0293.tif;1;-2404336.622572;1269028.324846;4572.000000;86.664545;-60.000000;-30.000000;10000.000000;500.000000;60.000000;10.000000;7662.443546;-1961.486100;-7404.911082;181.397999;31.782522;17.049880;-10.782348;24.559546;-2407692.106789;1256589.893713;4748.815517;103.714425;-70.782348;-5.440454;;;;;;
CA215133R0294.tif;1;-2401670.715890;1267814.059129;4572.000000;86.660947;-60.000000;-30.000000;10000.000000;500.000000;60.000000;10.000000;7607.353178;-3392.865153;-6806.333337;184.702296;31.929289;16.286462;-11.094604;25.122508;-2407422.976273;1256407.118480;4752.185692;102.947410;-71.094604;-4.877492;;;;;;
CA215133R0295.tif;1;-2399004.809207;1266599.793412;4572.000000;86.657342;-60.000000;-30.000000;10000.000000;500.000000;60.000000;10.000000;7864.737075;-4827.211389;-6206.175519;188.427423;32.033097;16.089995;-10.830798;25.493631;-2407153.008200;1256224.982742;4755.599881;102.747337;-70.830798;-4.506369;;;;;;
CA215331L0410.tif;1;-2424070.980707;1268895.790177;4572.000000;117.529897;60.000000;30.000000;10000.000000;500.000000;60.000000;10.000000;10617.355251;8184.934204;-6762.122349;-93.733369;260.207835;172.030773;-123.635706;151.088525;-2410221.195509;1257421.954051;4469.460676;289.560671;-63.635706;-178.911475;;;;;;
CA215331L0411.tif;1;-2422614.840492;1266803.870431;4572.000000;117.554587;60.000000;30.000000;10000.000000;500.000000;60.000000;10.000000;9335.981205;7429.209631;-5653.183120;-94.392398;260.266487;172.243475;-123.581720;150.991351;-2410050.307158;1257223.844086;4470.799031;289.798062;-63.581720;-179.008649;;;;;;
CA215331L0412.tif;1;-2421158.700277;1264711.950686;4572.000000;117.579318;60.000000;30.000000;10000.000000;500.000000;60.000000;10.000000;8071.875808;6672.561719;-4541.259052;-95.212333;259.977817;172.042051;-123.482103;150.805068;-2409880.130270;1257026.397951;4471.698205;289.621368;-63.482103;-179.194932;;;;;;
CA215331L0413.tif;1;-2419702.560063;1262620.030941;4572.000000;117.604089;60.000000;30.000000;10000.000000;500.000000;60.000000;10.000000;6836.754921;5914.823800;-3427.391279;-95.217051;260.133906;171.539405;-123.633937;151.520729;-2409710.956555;1256827.839040;4473.132036;289.143495;-63.633937;-178.479271;;;;;;
CA215331L0414.tif;1;-2418246.419848;1260528.111196;4572.000000;117.628902;60.000000;30.000000;10000.000000;500.000000;60.000000;10.000000;5651.454080;5156.305407;-2311.359792;-95.203411;260.031180;172.163235;-123.466525;150.771524;-2409542.260822;1256628.533959;4474.302094;289.792137;-63.466525;-179.228476;;;;;;
CA215331L0415.tif;1;-2416790.279634;1258436.191450;4572.000000;117.653755;60.000000;30.000000;10000.000000;500.000000;60.000000;10.000000;4556.605131;4396.764890;-1192.540595;-94.634872;259.937556;172.267044;-123.312670;150.617344;-2409374.448088;1256429.527280;4475.743791;289.920799;-63.312670;-179.382656;;;;;;
CA215331L0416.tif;1;-2415334.139419;1256344.271705;4572.000000;117.678650;60.000000;30.000000;10000.000000;500.000000;60.000000;10.000000;3638.052592;3636.144540;-70.717211;-94.226439;260.031686;171.144303;-123.489556;151.909298;-2409207.617878;1256231.172753;4476.740334;288.822953;-63.489556;-178.090702;;;;;;
CA215331L0417.tif;1;-2413877.999205;1254252.351960;4572.000000;117.703586;60.000000;30.000000;10000.000000;500.000000;60.000000;10.000000;3064.380602;2875.956087;1053.875454;-93.013915;260.120788;171.843676;-123.712309;151.088847;-2409039.233261;1256033.065889;4478.253312;289.547263;-63.712309;-178.911153;;;;;;
CA215331L0418.tif;1;-2412421.858990;1252160.432214;4572.000000;117.728564;60.000000;30.000000;10000.000000;500.000000;60.000000;10.000000;3039.883354;2115.176970;2181.401825;-91.669374;260.010302;171.732022;-123.678439;151.053346;-2408871.019889;1255835.467129;4479.609628;289.460586;-63.678439;-178.946654;;;;;;
CA215331L0419.tif;1;-2410965.718775;1250068.512469;4572.000000;117.753583;60.000000;30.000000;10000.000000;500.000000;60.000000;10.000000;3578.440866;1354.188306;3311.086976;-90.089397;259.767270;170.965675;-123.391637;151.737524;-2408702.338832;1255637.059578;4480.911260;288.719259;-63.391637;-178.262476;;;;;;
CA215331L0420.tif;1;-2409509.578561;1247976.592724;4572.000000;117.778644;60.000000;30.000000;10000.000000;500.000000;60.000000;10.000000;4481.565596;593.738779;4441.187928;-88.058159;259.801966;171.460861;-123.423843;151.211077;-2408531.922985;1255434.902970;4482.373956;289.239505;-63.423843;-178.788923;;;;;;
CA215331L0421.tif;1;-2408053.438346;1245884.672978;4572.000000;117.803746;60.000000;30.000000;10000.000000;500.000000;60.000000;10.000000;5552.014240;-147.644590;5549.396931;-85.187428;259.785955;170.997639;-123.480691;151.661033;-2408328.513705;1255191.520650;4484.405751;288.801386;-63.480691;-178.338967;;;;;;
CA215332V0410.tif;1;-2424070.980707;1268895.790177;4572.000000;117.529897;0.000000;0.000000;10000.000000;500.000000;60.000000;10.000000;10618.012857;8185.347075;-6762.654488;-93.779349;249.431708;173.356365;-3.513720;-179.308118;-2410220.504473;1257421.053532;4469.413606;290.886263;-3.513720;-179.308118;;;;;;
CA215332V0411.tif;1;-2422614.840492;1266803.870431;4572.000000;117.554587;0.000000;0.000000;10000.000000;500.000000;60.000000;10.000000;9336.198673;7429.244161;-5653.495526;-94.473286;249.588880;173.457826;-3.440202;-179.430088;-2410050.252105;1257223.314287;4470.717827;291.012413;-3.440202;-179.430088;;;;;;
CA215332V0412.tif;1;-2421158.700277;1264711.950686;4572.000000;117.579318;0.000000;0.000000;10000.000000;500.000000;60.000000;10.000000;8071.841022;6672.593787;-4541.148887;-95.270246;249.377255;173.052606;-3.372172;-179.528380;-2409880.075252;1257026.584878;4471.640337;290.631924;-3.372172;-179.528380;;;;;;
CA215332V0413.tif;1;-2419702.560063;1262620.030941;4572.000000;117.604089;0.000000;0.000000;10000.000000;500.000000;60.000000;10.000000;6836.952348;5915.085807;-3427.336507;-95.088205;249.243187;173.203847;-3.560987;-179.192392;-2409710.514550;1256827.933263;4473.260670;290.807936;-3.560987;-179.192392;;;;;;
CA215332V0414.tif;1;-2418246.419848;1260528.111196;4572.000000;117.628902;0.000000;0.000000;10000.000000;500.000000;60.000000;10.000000;5651.649341;5156.444847;-2311.528607;-95.143645;249.455283;173.182443;-3.359269;-179.511825;-2409542.026674;1256628.249087;4474.361687;290.811344;-3.359269;-179.511825;;;;;;
CA215332V0415.tif;1;-2416790.279634;1258436.191450;4572.000000;117.653755;0.000000;0.000000;10000.000000;500.000000;60.000000;10.000000;4556.905024;4396.978074;-1192.927617;-94.291653;249.466075;173.175337;-3.210798;-179.536392;-2409374.090152;1256428.874166;4476.086791;290.829092;-3.210798;-179.536392;;;;;;
CA215332V0416.tif;1;-2415334.139419;1256344.271705;4572.000000;117.678650;0.000000;0.000000;10000.000000;500.000000;60.000000;10.000000;;;;;;;;;;;;;;;;;;;;
CA215332V0417.tif;1;-2413877.999205;1254252.351960;4572.000000;117.703586;0.000000;0.000000;10000.000000;500.000000;60.000000;10.000000;3063.981871;2875.477926;1054.041991;-92.774365;249.348299;173.076490;-3.593763;-179.460824;-2409040.037000;1256033.345444;4478.493049;290.780077;-3.593763;-179.460824;;;;;;
CA215332V0418.tif;1;-2412421.858990;1252160.432214;4572.000000;117.728564;0.000000;0.000000;10000.000000;500.000000;60.000000;10.000000;3040.070424;2115.279984;2181.558399;-91.769944;249.212680;172.938971;-3.564996;-179.405582;-2408870.847561;1255835.731128;4479.508970;290.667535;-3.564996;-179.405582;;;;;;
CA215332V0419.tif;1;-2410965.718775;1250068.512469;4572.000000;117.753583;0.000000;0.000000;10000.000000;500.000000;60.000000;10.000000;3578.520850;1354.278834;3311.134609;-90.154970;248.899867;172.823828;-3.293921;-179.087181;-2408702.187257;1255637.139864;4480.845643;290.577411;-3.293921;-179.087181;;;;;;
CA215332V0420.tif;1;-2409509.578561;1247976.592724;4572.000000;117.778644;0.000000;0.000000;10000.000000;500.000000;60.000000;10.000000;4481.295027;593.891074;4440.895891;-87.989761;249.076042;172.846754;-3.314196;-179.309482;-2408531.665367;1255434.412018;4482.442543;290.625397;-3.314196;-179.309482;;;;;;
CA215332V0421.tif;1;-2408053.438346;1245884.672978;4572.000000;117.803746;0.000000;0.000000;10000.000000;500.000000;60.000000;10.000000;5551.399742;-147.419779;5548.794951;-84.741394;248.875703;172.813911;-3.393272;-179.061312;-2408328.131162;1255190.509459;4484.852311;290.617657;-3.393272;-179.061312;;;;;;
CA215332V0422.tif;1;-2406597.298132;1243792.753233;4572.000000;117.828890;0.000000;0.000000;10000.000000;500.000000;60.000000;10.000000;6738.850879;-905.114757;6677.282058;-82.357479;249.065521;172.991584;-3.398082;-179.153562;-2408151.372972;1254976.766204;4486.096265;290.820474;-3.398082;-179.153562;;;;;;
CA215332V0423.tif;1;-2405141.157917;1241700.833488;4572.000000;117.854076;0.000000;0.000000;10000.000000;500.000000;60.000000;10.000000;7984.318833;-1664.063769;7808.586731;-78.817873;249.187655;173.015630;-3.357098;-179.300889;-2407975.889555;1254763.300244;4488.203490;290.869707;-3.357098;-179.300889;;;;;;
CA215332V0424.tif;1;-2403685.017703;1239608.913743;4572.000000;117.879304;0.000000;0.000000;10000.000000;500.000000;60.000000;10.000000;9266.252395;-2423.327437;8943.446813;-75.343792;248.975776;172.931476;-3.598657;-179.082918;-2407800.124857;1254551.334041;4489.950156;290.810780;-3.598657;-179.082918;;;;;;
CA215332V0425.tif;1;-2402228.877488;1237516.993997;4572.000000;117.904575;0.000000;0.000000;10000.000000;500.000000;60.000000;10.000000;10571.963470;-3182.228386;10081.402990;-71.748551;249.102915;172.873681;-3.339666;-179.320382;-2407622.949543;1254340.080398;4491.522005;290.778256;-3.339666;-179.320382;;;;;;
CA215332V0426.tif;1;-2400772.737273;1235425.074252;4572.000000;117.929887;0.000000;0.000000;10000.000000;500.000000;60.000000;10.000000;11894.080762;-3941.979340;11221.649058;-67.442407;248.678579;172.756383;-3.563658;-178.839503;-2407446.379852;1254128.180474;4493.507924;290.686270;-3.563658;-178.839503;;;;;;
CA215332V0427.tif;1;-2399316.597059;1233333.154507;4572.000000;117.955241;0.000000;0.000000;10000.000000;500.000000;60.000000;10.000000;13223.548260;-4698.269497;12360.606014;-62.540392;248.979252;172.608960;-3.468412;-179.401184;-2407263.152041;1253909.630235;4495.801431;290.564202;-3.468412;-179.401184;;;;;;
CA215332V0428.tif;1;-2397860.456844;1231241.234761;4572.000000;117.980638;0.000000;0.000000;10000.000000;500.000000;60.000000;10.000000;14543.636802;-5441.635402;13487.128869;-57.709946;248.657705;172.674162;-3.379426;-178.893453;-2407057.234660;1253665.790906;4497.768548;290.654800;-3.379426;-178.893453;;;;;;
CA215332V0429.tif;1;-2396404.316630;1229149.315016;4572.000000;118.006078;0.000000;0.000000;10000.000000;500.000000;60.000000;10.000000;15870.436028;-6185.462195;14615.340763;-51.103014;248.646342;172.447086;-3.513898;-179.093993;-2406851.235895;1253420.309940;4501.223241;290.453164;-3.513898;-179.093993;;;;;;
CA215332V0430.tif;1;-2394948.176415;1227057.395271;4572.000000;118.031559;0.000000;0.000000;10000.000000;500.000000;60.000000;10.000000;17203.799670;-6930.323688;15746.087648;-45.392027;248.856399;172.829785;-3.666583;-179.013768;-2406646.131239;1253174.592205;4503.489324;290.861344;-3.666583;-179.013768;;;;;;
CA215332V0431.tif;1;-2393492.036201;1224965.475525;4572.000000;118.057084;0.000000;0.000000;10000.000000;500.000000;60.000000;10.000000;18542.949064;-7676.588053;16879.259498;-39.429142;248.539691;172.681471;-3.325909;-178.723323;-2406442.529398;1252928.447208;4505.712783;290.738555;-3.325909;-178.723323;;;;;;
CA215332V0432.tif;1;-2392035.895986;1222873.555780;4572.000000;118.082651;0.000000;0.000000;10000.000000;500.000000;60.000000;10.000000;19888.097420;-8424.215086;18015.768523;-33.222436;248.608246;172.669120;-3.100676;-178.834617;-2406240.391041;1252683.381354;4507.881247;290.751772;-3.100676;-178.834617;;;;;;
CA215332V0433.tif;1;-2390579.755772;1220781.636035;4572.000000;118.108261;0.000000;0.000000;10000.000000;500.000000;60.000000;10.000000;21237.834162;-9172.118877;19155.081594;-26.159810;248.409975;172.497077;-3.610438;-178.715525;-2406037.901061;1252438.487182;4510.607710;290.605338;-3.610438;-178.715525;;;;;;
CA215332V0434.tif;1;-2389123.615557;1218689.716290;4572.000000;118.133914;0.000000;0.000000;10000.000000;500.000000;60.000000;10.000000;22596.080167;-9923.495909;20300.411755;-18.719608;248.695742;172.539728;-3.463102;-179.074346;-2405840.476231;1252199.108443;4513.397090;290.673643;-3.463102;-179.074346;;;;;;
CA215332V0435.tif;1;-2387667.475342;1216597.796544;4572.000000;118.159610;0.000000;0.000000;10000.000000;500.000000;60.000000;10.000000;23970.497890;-10683.531533;21458.023765;-11.795938;248.548715;172.585555;-3.278782;-178.829358;-2405656.949468;1251975.651000;4515.321170;290.745166;-3.278782;-178.829358;;;;;;
CA215333R0412.tif;1;-2421158.700277;1264711.950686;4572.000000;117.579318;-60.000000;-30.000000;10000.000000;500.000000;60.000000;10.000000;7788.963652;6560.190626;-4193.768250;210.146595;33.439575;30.674732;-7.970266;10.664935;-2410066.931243;1257614.720791;4777.410423;148.254050;-67.970266;-19.335065;;;;;;
CA215333R0413.tif;1;-2419702.560063;1262620.030941;4572.000000;117.604089;-60.000000;-30.000000;10000.000000;500.000000;60.000000;10.000000;6532.982836;5755.518914;-3082.795838;224.135201;32.801491;29.619444;-7.954239;11.634279;-2409977.461029;1257410.489650;4792.804793;147.223533;-67.954239;-18.365721;;;;;;
CA215333R0414.tif;1;-2418246.419848;1260528.111196;4572.000000;117.628902;-60.000000;-30.000000;10000.000000;500.000000;60.000000;10.000000;5334.019161;4951.516281;-1969.048118;238.948628;33.232158;30.416368;-8.015937;10.722203;-2409885.887747;1257206.635778;4808.730325;148.045270;-68.015937;-19.277797;;;;;;
CA215333R0415.tif;1;-2416790.279634;1258436.191450;4572.000000;117.653755;-60.000000;-30.000000;10000.000000;500.000000;60.000000;10.000000;4240.870251;4146.583105;-852.362055;253.590152;33.441155;30.742420;-8.130592;10.349295;-2409794.913254;1257003.412744;4824.190157;148.396175;-68.130592;-19.650705;;;;;;
CA215333R0416.tif;1;-2415334.139419;1256344.271705;4572.000000;117.678650;-60.000000;-30.000000;10000.000000;500.000000;60.000000;10.000000;3362.221639;3340.766539;267.510357;268.796362;32.672745;29.298137;-8.179534;11.925714;-2409704.462471;1256801.226706;4839.918954;146.976787;-68.179534;-18.074286;;;;;;
CA215333R0417.tif;1;-2413877.999205;1254252.351960;4572.000000;117.703586;-60.000000;-30.000000;10000.000000;500.000000;60.000000;10.000000;2903.919503;2534.210821;1389.237058;283.803434;32.809025;29.824775;-7.830885;11.206791;-2409614.295367;1256597.817030;4855.151117;147.528361;-67.830885;-18.793209;;;;;;
CA215333R0418.tif;1;-2412421.858990;1252160.432214;4572.000000;117.728564;-60.000000;-30.000000;10000.000000;500.000000;60.000000;10.000000;3040.730022;2115.391615;2182.413412;-90.714266;256.593761;173.667653;116.331973;-148.817931;-2408870.663536;1255837.171861;4480.564320;291.396217;56.331973;-178.817931;;;;;;
CA215333R0419.tif;1;-2410965.718775;1250068.512469;4572.000000;117.753583;-60.000000;-30.000000;10000.000000;500.000000;60.000000;10.000000;3579.670143;1354.166882;3312.452777;-89.033632;256.612187;173.951648;116.569366;-148.331457;-2408702.382974;1255639.358330;4481.966323;291.705232;56.569366;-178.331457;;;;;;
CA215333R0420.tif;1;-2409509.578561;1247976.592724;4572.000000;117.778644;-60.000000;-30.000000;10000.000000;500.000000;60.000000;10.000000;4482.744114;593.851033;4442.384395;-86.928894;256.650525;173.669061;116.529679;-148.759480;-2408531.744453;1255436.914798;4483.502381;291.447705;56.529679;-178.759480;;;;;;
CA215333R0421.tif;1;-2408053.438346;1245884.672978;4572.000000;117.803746;-60.000000;-30.000000;10000.000000;500.000000;60.000000;10.000000;5552.695186;-147.495121;5550.103778;-83.767974;256.607366;174.023304;116.469243;-148.317717;-2408328.270471;1255192.707936;4485.824596;291.827050;56.469243;-178.317717;;;;;;
CA215333R0422.tif;1;-2406597.298132;1243792.753233;4572.000000;117.828890;-60.000000;-30.000000;10000.000000;500.000000;60.000000;10.000000;6739.736168;-904.992365;6678.205417;-81.270237;256.707939;174.096596;116.470806;-148.404489;-2408151.179286;1254978.315537;4487.182561;291.925486;56.470806;-178.404489;;;;;;
CA215333R0423.tif;1;-2405141.157917;1241700.833488;4572.000000;117.854076;-60.000000;-30.000000;10000.000000;500.000000;60.000000;10.000000;7985.522180;-1664.034403;7809.834457;-77.715749;256.735254;173.825860;116.495123;-148.749614;-2407975.858005;1254765.391852;4489.304099;291.679936;56.495123;-178.749614;;;;;;
CA215333R0424.tif;1;-2403685.017703;1239608.913743;4572.000000;117.879304;-60.000000;-30.000000;10000.000000;500.000000;60.000000;10.000000;9267.182056;-2423.270964;8944.435996;-74.066141;256.581755;174.138126;116.280617;-148.286642;-2407800.046418;1254552.990502;4491.226446;292.017430;56.280617;-178.286642;;;;;;
CA215333R0425.tif;1;-2402228.877488;1237516.993997;4572.000000;117.904575;-60.000000;-30.000000;10000.000000;500.000000;60.000000;10.000000;10573.175927;-3182.139527;10082.711286;-70.500566;256.648161;173.681403;116.520318;-148.748325;-2407622.824887;1254342.268964;4492.767975;291.585978;56.520318;-178.748325;;;;;;
CA215333R0426.tif;1;-2400772.737273;1235425.074252;4572.000000;117.929887;-60.000000;-30.000000;10000.000000;500.000000;60.000000;10.000000;11895.732017;-3942.003683;11223.397893;-66.233806;256.484332;174.317433;116.257032;-147.925480;-2407446.455628;1254131.103529;4494.713444;292.247320;56.257032;-177.925480;;;;;;
CA215333R0427.tif;1;-2399316.597059;1233333.154507;4572.000000;117.955241;-60.000000;-30.000000;10000.000000;500.000000;60.000000;10.000000;13225.638570;-4698.232535;12362.861506;-61.498061;256.394143;173.234229;116.314946;-148.992254;-2407263.140320;1253913.396111;4496.839434;291.189470;56.314946;-178.992254;;;;;;
CA215333R0428.tif;1;-2397860.456844;1231241.234761;4572.000000;117.980638;-60.000000;-30.000000;10000.000000;500.000000;60.000000;10.000000;14545.609908;-5441.662694;13489.249673;-56.727350;256.494619;174.122616;116.410597;-148.051940;-2407057.331195;1253669.328643;4498.746652;292.103255;56.410597;-178.051940;;;;;;
CA215333R0429.tif;1;-2396404.316630;1229149.315016;4572.000000;118.006078;-60.000000;-30.000000;10000.000000;500.000000;60.000000;10.000000;15872.392104;-6185.483949;14617.457947;-50.424069;256.270391;173.541748;116.267682;-148.457405;-2406851.327261;1253423.838092;4501.897331;291.547825;56.267682;-178.457405;;;;;;
CA215333R0430.tif;1;-2394948.176415;1227057.395271;4572.000000;118.031559;-60.000000;-30.000000;10000.000000;500.000000;60.000000;10.000000;17205.551275;-6930.040671;15748.128270;-44.575285;256.462235;174.087225;116.101498;-148.279999;-2406645.717929;1253177.987436;4504.301353;292.118785;56.101498;-178.279999;;;;;;
CA215333R0431.tif;1;-2393492.036201;1224965.475525;4572.000000;118.057084;-60.000000;-30.000000;10000.000000;500.000000;60.000000;10.000000;18545.249922;-7676.161256;16881.983315;-38.501674;256.492618;174.380134;116.349514;-147.793175;-2406441.902152;1252932.974025;4506.633580;292.437218;56.349514;-177.793175;;;;;;
CA215333R0432.tif;1;-2392035.895986;1222873.555780;4572.000000;118.082651;-60.000000;-30.000000;10000.000000;500.000000;60.000000;10.000000;19889.674400;-8423.024139;18018.067652;-32.406239;256.559944;174.338527;116.532069;-147.815289;-2406238.487905;1252687.191849;4508.692541;292.421178;56.532069;-177.815289;;;;;;
CA215333R0433.tif;1;-2390579.755772;1220781.636035;4572.000000;118.108261;-60.000000;-30.000000;10000.000000;500.000000;60.000000;10.000000;21239.342210;-9171.462792;19157.069390;-24.903407;256.281058;174.405058;116.136217;-147.564344;-2406036.880485;1252441.780860;4511.859105;292.513319;56.136217;-177.564344;;;;;;
CA215333R0434.tif;1;-2389123.615557;1218689.716290;4572.000000;118.133914;-60.000000;-30.000000;10000.000000;500.000000;60.000000;10.000000;22597.979242;-9923.123934;20302.708483;-17.478206;256.361191;173.782787;116.274286;-148.326983;-2405839.942306;1252202.913236;4514.631785;291.916701;56.274286;-178.326983;;;;;;
CA215333R0435.tif;1;-2387667.475342;1216597.796544;4572.000000;118.159610;-60.000000;-30.000000;10000.000000;500.000000;60.000000;10.000000;23972.564720;-10683.325778;21460.435679;-10.489695;256.510578;174.284763;116.427866;-147.875116;-2405656.700155;1251979.644220;4516.619671;292.444373;56.427866;-177.875116;;;;;;
CA215731L0055.tif;1;-2390780.183931;1270253.714290;4572.000000;303.067690;60.000000;30.000000;10000.000000;500.000000;60.000000;10.000000;11665.356673;-9831.105007;-6277.198552;-163.398287;25.307024;20.868189;7.432081;-12.236352;-2407317.144384;1259837.172996;4397.975991;323.935879;67.432081;17.763648;;;;;;
CA215731L0056.tif;1;-2392098.148502;1272636.188706;4572.000000;303.036276;60.000000;30.000000;10000.000000;500.000000;60.000000;10.000000;11804.439569;-9105.870838;-7509.525562;-186.910792;25.508677;21.320505;7.544012;-11.799006;-2407452.601383;1260142.960316;4374.209647;324.356781;67.544012;18.200994;;;;;;
CA215731L0057.tif;1;-2393416.113073;1275018.663123;4572.000000;303.004916;60.000000;30.000000;10000.000000;500.000000;60.000000;10.000000;12109.118627;-8380.589043;-8737.980255;-210.195824;25.716371;21.386189;7.663179;-12.051487;-2407587.632538;1260450.286427;4350.356695;324.391105;67.663179;17.948513;;;;;;
CA215731L0058.tif;1;-2394734.077644;1277401.137539;4572.000000;302.973608;60.000000;30.000000;10000.000000;500.000000;60.000000;10.000000;12567.520436;-7655.706527;-9963.836869;-233.842554;25.339922;20.921301;7.377056;-12.247036;-2407723.002392;1260757.045789;4325.827661;323.894909;67.377056;17.752964;;;;;;
CA215731L0059.tif;1;-2396052.042215;1279783.611956;4572.000000;302.942353;60.000000;30.000000;10000.000000;500.000000;60.000000;10.000000;13162.403229;-6931.462993;-11186.498052;-256.789534;25.794810;21.980210;7.436285;-11.266954;-2407859.100714;1261064.248115;4301.686406;324.922564;67.436285;18.733046;;;;;;
CA215732V0055.tif;1;-2390780.183931;1270253.714290;4572.000000;303.067690;0.000000;0.000000;10000.000000;500.000000;60.000000;10.000000;11672.414600;-9824.797426;-6301.029104;-125.101354;11.480971;6.808467;5.551163;7.392027;-2407306.770776;1259797.465347;4436.259205;309.876157;5.551163;7.392027;;;;;;
CA215732V0056.tif;1;-2392098.148502;1272636.188706;4572.000000;303.036276;0.000000;0.000000;10000.000000;500.000000;60.000000;10.000000;11779.634427;-9062.858208;-7522.597628;-186.850897;13.586779;5.388504;11.251790;5.381618;-2407380.135016;1260120.821033;4374.315237;308.424780;11.251790;5.381618;1.926191;1.122788;1.667645;0.101268;0.267175;0.191804
CA215732V0057.tif;1;-2393416.113073;1275018.663123;4572.000000;303.004916;0.000000;0.000000;10000.000000;500.000000;60.000000;10.000000;11995.467226;-8289.744036;-8667.116459;-229.063446;26.416801;5.745828;21.123772;14.785775;-2407432.958573;1260567.702603;4331.703663;308.750744;21.123772;14.785775;1.073492;2.457017;1.600682;0.185472;0.229883;0.244642
CA215732V0058.tif;1;-2394734.077644;1277401.137539;4572.000000;302.973608;0.000000;0.000000;10000.000000;500.000000;60.000000;10.000000;12517.094013;-7583.961325;-9954.188283;-274.424492;21.199679;6.763114;18.570151;7.670473;-2407601.445683;1260772.627251;4285.346122;309.736722;18.570151;7.670473;1.265490;0.777953;1.339528;0.102387;0.246468;0.091316
CA215732V0059.tif;1;-2396052.042215;1279783.611956;4572.000000;302.942353;0.000000;0.000000;10000.000000;500.000000;60.000000;10.000000;13080.191148;-6870.423731;-11125.492930;-334.791407;30.024385;10.073454;20.099085;19.900150;-2407754.504316;1261165.741911;4223.856616;313.015808;20.099085;19.900150;1.247622;1.511903;1.603269;0.105100;0.241538;0.237355
#Total error;;;;;;;;;;;;9686.334276;5356.179158;8069.194345;156.585903;;;;;;;;;;;;;;;;
